KD_NO|GROUP|SEQ|TRC_RPT_RSN_CD
19798600|||
19967782|||
20308129|||
20341051|||
20342260|||
155287951|||
155624528|||
156464397|||
169148704|||
174745906|||
177033353|||
178318627|||
178324489|||
178346937|||
178819855|||
184811070|||
184951643|||
184996328|||
185182455|||
185264368|||
187812769|||
187952819|||
188676140|||
188692338|||
188921501|||
210823261|||
210924891|||
214468751|||
223306387|||
228952800|||
228985855|||
229024824|||
267934648|||
320932327|||
338015486|||
410253671|||
410527040|||
410545033|||
410698382|||
410786234|||
538545696|||
739074987|||
768264607|||
